%YAML:1.0
Mat: !!opencv-matrix
   rows: 3
   cols: 1
   dt: d
   data: [ 4.0953423217503178e-02, -1.2884256188317750e-01,
       3.1233267366200548e+00 ]
