%YAML:1.0
Mat: !!opencv-matrix
   rows: 3
   cols: 1
   dt: d
   data: [ -6.2994040673408760e-02, 9.1004504919640627e-02,
       1.1817909887215335e-01 ]
