%YAML:1.0
cameraMatrix: !!opencv-matrix
   rows: 3
   cols: 3
   dt: d
   data: [ 5.7034220347566725e+02, 0., 3.2000000008325350e+02, 0.,
       5.7034220402441224e+02, 2.3999999824506503e+02, 0., 0., 1. ]
imageSize_width: 640
imageSize_height: 480
sensorSize_width: 0
sensorSize_height: 0
distCoeffs: !!opencv-matrix
   rows: 5
   cols: 1
   dt: d
   data: [ 2.1962415797558549e-08, -8.7131996604455656e-08,
       -4.4582422639465652e-10, 1.5819558995873316e-10,
       9.8014071838415392e-08 ]
reprojectionError: 0.
features:
   []
