%YAML:1.0
cameraMatrix: !!opencv-matrix
   rows: 3
   cols: 3
   dt: d
   data: [ 5.6216616303990145e+02, 0., 3.1141285683627336e+02, 0.,
       5.6247572353740509e+02, 2.4463405037311674e+02, 0., 0., 1. ]
imageSize_width: 640
imageSize_height: 480
sensorSize_width: 0
sensorSize_height: 0
distCoeffs: !!opencv-matrix
   rows: 5
   cols: 1
   dt: d
   data: [ -3.4282682751910321e-02, 2.1295423172488705e-02,
       -1.6509743412103494e-03, -2.8079516990569368e-03,
       -2.5190411479766694e-02 ]
reprojectionError: 1.3785901665687561e-01
features:
   - [ 2.10059998e+02, 1.24316689e+02, 2.34716629e+02, 1.24640419e+02,
       2.59603210e+02, 1.25182114e+02, 2.84568970e+02, 1.25492767e+02,
       3.09649506e+02, 1.25937256e+02, 3.34699768e+02, 1.26458618e+02,
       3.59890747e+02, 1.26997803e+02, 3.85252655e+02, 1.27433472e+02,
       4.10442047e+02, 1.28050964e+02, 4.35564148e+02, 1.28482742e+02,
       2.09403900e+02, 1.49229874e+02, 2.34250885e+02, 1.49556793e+02,
       2.59176880e+02, 1.50189606e+02, 2.84116150e+02, 1.50547775e+02,
       3.09249573e+02, 1.51059814e+02, 3.34323395e+02, 1.51510330e+02,
       3.59449554e+02, 1.52140121e+02, 3.84510712e+02, 1.52536926e+02,
       4.09688599e+02, 1.53244949e+02, 4.35071869e+02, 1.53714539e+02,
       2.08887192e+02, 1.74266541e+02, 2.33525986e+02, 1.74611969e+02,
       2.58492950e+02, 1.75224380e+02, 2.83429626e+02, 1.75574295e+02,
       3.08558746e+02, 1.76227737e+02, 3.33612885e+02, 1.76665070e+02,
       3.58734375e+02, 1.77343765e+02, 3.83994537e+02, 1.77783997e+02,
       4.09318512e+02, 1.78448593e+02, 4.34537659e+02, 1.79078049e+02,
       2.08343796e+02, 1.99205551e+02, 2.33036209e+02, 1.99572617e+02,
       2.57970306e+02, 2.00321106e+02, 2.82912231e+02, 2.00710510e+02,
       3.08088013e+02, 2.01339767e+02, 3.33204834e+02, 2.01778564e+02,
       3.58382202e+02, 2.02431351e+02, 3.83475403e+02, 2.03060928e+02,
       4.08568909e+02, 2.03618591e+02, 4.33809540e+02, 2.04310791e+02,
       2.07765335e+02, 2.24192093e+02, 2.32486221e+02, 2.24582657e+02,
       2.57373383e+02, 2.25349609e+02, 2.82376709e+02, 2.25800949e+02,
       3.07440186e+02, 2.26492630e+02, 3.32522461e+02, 2.27141159e+02,
       3.57585052e+02, 2.27560013e+02, 3.82871368e+02, 2.28380310e+02,
       4.08037659e+02, 2.28856537e+02, 4.33385101e+02, 2.29484940e+02,
       2.07374039e+02, 2.48949646e+02, 2.32045898e+02, 2.49525162e+02,
       2.56794708e+02, 2.50407364e+02, 2.81692505e+02, 2.50825226e+02,
       3.06735962e+02, 2.51450974e+02, 3.31956116e+02, 2.52309631e+02,
       3.57126709e+02, 2.52725739e+02, 3.82379211e+02, 2.53472763e+02,
       4.07490143e+02, 2.54138916e+02, 4.32639893e+02, 2.54610931e+02,
       2.06900604e+02, 2.73658173e+02, 2.31415482e+02, 2.74503845e+02,
       2.56417755e+02, 2.75318390e+02, 2.81329041e+02, 2.75890106e+02,
       3.06422028e+02, 2.76522095e+02, 3.31453552e+02, 2.77345551e+02,
       3.56561676e+02, 2.77863129e+02, 3.81623108e+02, 2.78567688e+02,
       4.06750366e+02, 2.79338715e+02, 4.32203949e+02, 2.79817291e+02 ]
   - [ 4.13506699e+01, 3.71263733e+01, 7.07671432e+01, 3.89551620e+01,
       9.97218475e+01, 4.05133629e+01, 1.28432632e+02, 4.22687531e+01,
       1.56542633e+02, 4.38483658e+01, 1.84352402e+02, 4.55779877e+01,
       2.11489334e+02, 4.73610535e+01, 2.38403671e+02, 4.89143944e+01,
       2.64638885e+02, 5.05839653e+01, 2.90597443e+02, 5.23036423e+01,
       4.21434784e+01, 6.58350067e+01, 7.14061661e+01, 6.74124222e+01,
       1.00331261e+02, 6.87144089e+01, 1.28561783e+02, 7.03015060e+01,
       1.56700989e+02, 7.16719894e+01, 1.84341339e+02, 7.31017303e+01,
       2.11473785e+02, 7.45517807e+01, 2.38249542e+02, 7.59165192e+01,
       2.64481934e+02, 7.74184570e+01, 2.90333160e+02, 7.87640305e+01,
       4.28646507e+01, 9.44216003e+01, 7.19151154e+01, 9.55418320e+01,
       1.00616570e+02, 9.66034317e+01, 1.29009964e+02, 9.79859924e+01,
       1.56971573e+02, 9.92833099e+01, 1.84509079e+02, 1.00447868e+02,
       2.11438766e+02, 1.01524071e+02, 2.38125183e+02, 1.02861992e+02,
       2.64196289e+02, 1.04095558e+02, 2.89860992e+02, 1.05274597e+02,
       4.36784477e+01, 1.22522026e+02, 7.25711212e+01, 1.23477554e+02,
       1.01287659e+02, 1.24489868e+02, 1.29452087e+02, 1.25531792e+02,
       1.57309341e+02, 1.26487007e+02, 1.84533630e+02, 1.27437042e+02,
       2.11444153e+02, 1.28484436e+02, 2.37810791e+02, 1.29447159e+02,
       2.63820709e+02, 1.30456619e+02, 2.89524689e+02, 1.31397766e+02,
       4.45415115e+01, 1.50422348e+02, 7.33691711e+01, 1.51287140e+02,
       1.01715523e+02, 1.52055771e+02, 1.29775192e+02, 1.52598923e+02,
       1.57476944e+02, 1.53412735e+02, 1.84635925e+02, 1.54348648e+02,
       2.11367599e+02, 1.55133911e+02, 2.37718048e+02, 1.55715530e+02,
       2.63554901e+02, 1.56493790e+02, 2.89259613e+02, 1.57370956e+02,
       4.54344826e+01, 1.78027008e+02, 7.39496078e+01, 1.78454895e+02,
       1.02388550e+02, 1.79212875e+02, 1.30246674e+02, 1.79546844e+02,
       1.57672821e+02, 1.80285904e+02, 1.84733658e+02, 1.80600647e+02,
       2.11378983e+02, 1.81384842e+02, 2.37546906e+02, 1.81785110e+02,
       2.63392792e+02, 1.82419479e+02, 2.88765259e+02, 1.82856308e+02,
       4.64537582e+01, 2.05300766e+02, 7.46991730e+01, 2.05579071e+02,
       1.02902184e+02, 2.05911911e+02, 1.30612839e+02, 2.06392349e+02,
       1.58113403e+02, 2.06489349e+02, 1.84961243e+02, 2.06971207e+02,
       2.11462814e+02, 2.07398071e+02, 2.37463531e+02, 2.07583664e+02,
       2.63106812e+02, 2.08051865e+02, 2.88474213e+02, 2.08346649e+02 ]
   - [ 3.60937317e+02, 2.58171692e+02, 3.84362152e+02, 2.57546021e+02,
       4.08172791e+02, 2.57324860e+02, 4.32413513e+02, 2.56673615e+02,
       4.57338745e+02, 2.56390839e+02, 4.82470490e+02, 2.55720505e+02,
       5.08439758e+02, 2.55421265e+02, 5.34722473e+02, 2.54675888e+02,
       5.61726990e+02, 2.54436432e+02, 5.89291748e+02, 2.53672684e+02,
       3.60537415e+02, 2.81443451e+02, 3.84289093e+02, 2.81326935e+02,
       4.08263794e+02, 2.81068359e+02, 4.32566010e+02, 2.80725250e+02,
       4.57573761e+02, 2.80530365e+02, 4.83313263e+02, 2.80395050e+02,
       5.09268616e+02, 2.80223877e+02, 5.35861816e+02, 2.79804932e+02,
       5.63135681e+02, 2.79524261e+02, 5.90828186e+02, 2.79492737e+02,
       3.60472473e+02, 3.05246063e+02, 3.84019165e+02, 3.05253754e+02,
       4.08297150e+02, 3.05325195e+02, 4.32745331e+02, 3.05322052e+02,
       4.58144806e+02, 3.05335388e+02, 4.83681519e+02, 3.05365936e+02,
       5.10178894e+02, 3.05463654e+02, 5.37034058e+02, 3.05399750e+02,
       5.64473694e+02, 3.05567261e+02, 5.92458496e+02, 3.05438049e+02,
       3.60124329e+02, 3.29158020e+02, 3.83777832e+02, 3.29492645e+02,
       4.08291565e+02, 3.29658661e+02, 4.33204834e+02, 3.30227295e+02,
       4.58517883e+02, 3.30332428e+02, 4.84531830e+02, 3.30615112e+02,
       5.10937042e+02, 3.30917419e+02, 5.38244629e+02, 3.31388977e+02,
       5.65714783e+02, 3.31548584e+02, 5.94070007e+02, 3.32040955e+02,
       3.59696106e+02, 3.53469971e+02, 3.83618683e+02, 3.54033112e+02,
       4.08396790e+02, 3.54583527e+02, 4.33366516e+02, 3.55180237e+02,
       4.58936096e+02, 3.55748444e+02, 4.85156403e+02, 3.56433136e+02,
       5.11774872e+02, 3.57137268e+02, 5.39253601e+02, 3.57585022e+02,
       5.67176270e+02, 3.58441315e+02, 5.95569092e+02, 3.58910156e+02,
       3.59428101e+02, 3.78090546e+02, 3.83610291e+02, 3.78874817e+02,
       4.08386047e+02, 3.79715118e+02, 4.33544891e+02, 3.80653046e+02,
       4.59449585e+02, 3.81507660e+02, 4.85727600e+02, 3.82533691e+02,
       5.12681458e+02, 3.83459991e+02, 5.40417664e+02, 3.84430542e+02,
       5.68394470e+02, 3.85350616e+02, 5.97299011e+02, 3.86346100e+02,
       3.59353485e+02, 4.02952362e+02, 3.83454590e+02, 4.04181122e+02,
       4.08474274e+02, 4.05417236e+02, 4.33647705e+02, 4.06499817e+02,
       4.59804108e+02, 4.07710266e+02, 4.86473938e+02, 4.08998047e+02,
       5.13603638e+02, 4.10326050e+02, 5.41409363e+02, 4.11489868e+02,
