%YAML:1.0
cameraMatrix: !!opencv-matrix
   rows: 3
   cols: 3
   dt: d
   data: [ 2.1688910179422182e+03, 0., 1.3910283984698965e+03, 0.,
       2.1646244599374832e+03, 8.6307547566350900e+02, 0., 0., 1. ]
imageSize_width: 2784
imageSize_height: 1856
sensorSize_width: 0
sensorSize_height: 0
distCoeffs: !!opencv-matrix
   rows: 5
   cols: 1
   dt: d
   data: [ -1.1590775865336485e-01, 1.3479119560440350e-01,
       -4.3555019706186440e-03, -2.8762247028634726e-04,
       -4.4805611174026157e-02 ]
reprojectionError: 4.0709254145622253e-01
features:
   - [ 1.20518532e+02, 1.50285233e+02, 2.11940170e+02, 1.52674667e+02,
       3.01988037e+02, 1.54561905e+02, 3.91211884e+02, 1.56168457e+02,
       4.79191895e+02, 1.57482315e+02, 5.66290710e+02, 1.58646683e+02,
       6.52592224e+02, 1.59689346e+02, 7.37858154e+02, 1.60744736e+02,
       8.22594482e+02, 1.61729172e+02, 9.06098938e+02, 1.62872025e+02,
       1.34091949e+02, 2.40228561e+02, 2.23796921e+02, 2.41768265e+02,
       3.12378387e+02, 2.42945129e+02, 4.00309814e+02, 2.43840790e+02,
       4.87011292e+02, 2.44588943e+02, 5.73093750e+02, 2.45086899e+02,
       6.58388062e+02, 2.45608170e+02, 7.42764038e+02, 2.46070419e+02,
       8.26526001e+02, 2.46481934e+02, 9.09310852e+02, 2.46956406e+02,
       1.46763580e+02, 3.27752167e+02, 2.35134888e+02, 3.28711914e+02,
       3.22317657e+02, 3.29263641e+02, 4.09026428e+02, 3.29615906e+02,
       4.94678497e+02, 3.29741638e+02, 5.79649109e+02, 3.29756226e+02,
       6.64041016e+02, 3.29731323e+02, 7.47469727e+02, 3.29635864e+02,
       8.30435913e+02, 3.29541656e+02, 9.12349365e+02, 3.29544464e+02,
       1.59106613e+02, 4.13477539e+02, 2.46077530e+02, 4.13832306e+02,
       3.32038635e+02, 4.13932892e+02, 4.17541168e+02, 4.13759277e+02,
       5.02232788e+02, 4.13525543e+02, 5.86162720e+02, 4.13048920e+02,
       6.69640015e+02, 4.12557190e+02, 7.52218201e+02, 4.12015961e+02,
       8.34333130e+02, 4.11368225e+02, 9.15436401e+02, 4.10824158e+02,
       1.70847397e+02, 4.97152496e+02, 2.56544067e+02, 4.97138611e+02,
       3.41470245e+02, 4.96721863e+02, 4.25929749e+02, 4.96239258e+02,
       5.09558441e+02, 4.95470093e+02, 5.92526184e+02, 4.94640747e+02,
       6.75181763e+02, 4.93709259e+02, 7.56846741e+02, 4.92705292e+02,
       8.38194397e+02, 4.91641083e+02, 9.18462769e+02, 4.90631744e+02,
       1.82390854e+02, 5.78956482e+02, 2.66878418e+02, 5.78481201e+02,
       3.50644104e+02, 5.77801025e+02, 4.34164856e+02, 5.76877014e+02,
       5.16753540e+02, 5.75832153e+02, 5.98977051e+02, 5.74593933e+02,
       6.80601379e+02, 5.73337952e+02, 7.61469849e+02, 5.71915955e+02,
       8.41957336e+02, 5.70468018e+02, 9.21540344e+02, 5.68992676e+02,
       1.93579773e+02, 6.59307129e+02, 2.77106079e+02, 6.58572815e+02,
       3.59775696e+02, 6.57502197e+02, 4.42277954e+02, 6.56356323e+02,
       5.24041748e+02, 6.54950073e+02, 6.05303833e+02, 6.53431458e+02,
       6.86149109e+02, 6.51697571e+02, 7.66206360e+02, 6.50008606e+02,
       8.45850525e+02, 6.48151611e+02, 9.24586609e+02, 6.46275452e+02 ]
   - [ 8.42258911e+02, 1.52757446e+02, 9.17846924e+02, 1.53070908e+02,
       9.94360779e+02, 1.53270096e+02, 1.07212170e+03, 1.53699188e+02,
       1.15039868e+03, 1.54247635e+02, 1.22934082e+03, 1.54968414e+02,
       1.30912854e+03, 1.55768967e+02, 1.38896643e+03, 1.56813553e+02,
       1.46952441e+03, 1.57968369e+02, 1.55001892e+03, 1.59382523e+02,
       8.46045715e+02, 2.33636703e+02, 9.20913879e+02, 2.34153427e+02,
       9.96717224e+02, 2.34700027e+02, 1.07375940e+03, 2.35423141e+02,
       1.15135608e+03, 2.36267090e+02, 1.22969226e+03, 2.37108429e+02,
       1.30862585e+03, 2.38180237e+02, 1.38790039e+03, 2.39314255e+02,
       1.46770276e+03, 2.40605972e+02, 1.54757190e+03, 2.42095413e+02,
       8.49671692e+02, 3.12980774e+02, 9.23924927e+02, 3.13848663e+02,
       9.99148315e+02, 3.14684601e+02, 1.07547461e+03, 3.15697083e+02,
       1.15238989e+03, 3.16733551e+02, 1.23005444e+03, 3.17843689e+02,
       1.30833118e+03, 3.19059204e+02, 1.38681885e+03, 3.20394653e+02,
       1.46601428e+03, 3.21760345e+02, 1.54514258e+03, 3.23361328e+02,
       8.53431091e+02, 3.91182281e+02, 9.27037720e+02, 3.92363800e+02,
       1.00145178e+03, 3.93523254e+02, 1.07719836e+03, 3.94787689e+02,
       1.15339868e+03, 3.96111206e+02, 1.23038342e+03, 3.97422577e+02,
       1.30795996e+03, 3.98832489e+02, 1.38577551e+03, 4.00296631e+02,
       1.46426404e+03, 4.01772278e+02, 1.54266284e+03, 4.03419037e+02,
       8.57096497e+02, 4.67874878e+02, 9.30057007e+02, 4.69451599e+02,
       1.00384192e+03, 4.70939056e+02, 1.07882971e+03, 4.72510254e+02,
       1.15442883e+03, 4.74008972e+02, 1.23062061e+03, 4.75556793e+02,
       1.30757800e+03, 4.77162811e+02, 1.38472510e+03, 4.78740173e+02,
       1.46254736e+03, 4.80367340e+02, 1.54026331e+03, 4.82049805e+02,
       8.60718079e+02, 5.43284363e+02, 9.33058472e+02, 5.45166870e+02,
       1.00625116e+03, 5.46954956e+02, 1.08052795e+03, 5.48788086e+02,
       1.15546094e+03, 5.50585327e+02, 1.23105066e+03, 5.52338623e+02,
       1.30732166e+03, 5.54092102e+02, 1.38370776e+03, 5.55812073e+02,
       1.46077209e+03, 5.57508484e+02, 1.53777991e+03, 5.59270142e+02,
       8.64467957e+02, 6.17582581e+02, 9.36187256e+02, 6.19803833e+02,
       1.00856970e+03, 6.21889465e+02, 1.08229968e+03, 6.24095276e+02,
       1.15649792e+03, 6.26066345e+02, 1.23139539e+03, 6.28092346e+02,
       1.30697766e+03, 6.29944641e+02, 1.38269055e+03, 6.31817932e+02,
       1.45910559e+03, 6.33573547e+02, 1.53535522e+03, 6.35442383e+02 ]
   - [ 1.47052563e+03, 1.50153732e+02, 1.54424817e+03, 1.50616241e+02,
       1.61975159e+03, 1.51141373e+02, 1.69737122e+03, 1.51893097e+02,
       1.77642566e+03, 1.52739868e+02, 1.85715845e+03, 1.53808792e+02,
       1.93957996e+03, 1.54928879e+02, 2.02339441e+03, 1.56234390e+02,
       2.10895459e+03, 1.57459854e+02, 2.19573975e+03, 1.58811050e+02,
       1.46897815e+03, 2.29213043e+02, 1.54211438e+03, 2.30473099e+02,
       1.61684961e+03, 2.31904755e+02, 1.69380566e+03, 2.33525131e+02,
       1.77201355e+03, 2.35319870e+02, 1.85196948e+03, 2.37139923e+02,
       1.93353259e+03, 2.39175110e+02, 2.01642065e+03, 2.41254623e+02,
       2.10099438e+03, 2.43377426e+02, 2.18677783e+03, 2.45555435e+02,
       1.46739380e+03, 3.06828461e+02, 1.53983386e+03, 3.09047760e+02,
       1.61408203e+03, 3.11290955e+02, 1.69025232e+03, 3.13749115e+02,
       1.76770959e+03, 3.16308685e+02, 1.84684961e+03, 3.18942078e+02,
       1.92759570e+03, 3.21683716e+02, 2.00954272e+03, 3.24573914e+02,
       2.09322925e+03, 3.27503387e+02, 2.17798633e+03, 3.30502838e+02,
       1.46585632e+03, 3.83458191e+02, 1.53770105e+03, 3.86447174e+02,
       1.61124695e+03, 3.89523956e+02, 1.68664575e+03, 3.92742188e+02,
       1.76345874e+03, 3.96114349e+02, 1.84179773e+03, 3.99493408e+02,
       1.92169263e+03, 4.03071594e+02, 2.00279297e+03, 4.06587646e+02,
       2.08555762e+03, 4.10274445e+02, 2.16935278e+03, 4.13907349e+02,
       1.46435620e+03, 4.58658173e+02, 1.53554333e+03, 4.62518463e+02,
       1.60839783e+03, 4.66379364e+02, 1.68316968e+03, 4.70388000e+02,
       1.75921912e+03, 4.74411591e+02, 1.83673730e+03, 4.78561615e+02,
       1.91587622e+03, 4.82727844e+02, 1.99612268e+03, 4.87052002e+02,
       2.07796289e+03, 4.91323822e+02, 2.16076050e+03, 4.95670532e+02,
       1.46284143e+03, 5.32673218e+02, 1.53342554e+03, 5.37276733e+02,
       1.60557629e+03, 5.41850769e+02, 1.67962622e+03, 5.46549194e+02,
       1.75492957e+03, 5.51375549e+02, 1.83171973e+03, 5.56148193e+02,
       1.91006775e+03, 5.61026489e+02, 1.98946655e+03, 5.65829834e+02,
       2.07041528e+03, 5.70737427e+02, 2.15232886e+03, 5.75695251e+02,
       1.46136694e+03, 6.05646057e+02, 1.53130383e+03, 6.11013794e+02,
       1.60273584e+03, 6.16323975e+02, 1.67609717e+03, 6.21705627e+02,
       1.75068579e+03, 6.27207031e+02, 1.82667798e+03, 6.32608826e+02,
       1.90424768e+03, 6.38077576e+02, 1.98275256e+03, 6.43576721e+02,
