%YAML:1.0
cameraMatrix: !!opencv-matrix
   rows: 3
   cols: 3
   dt: d
   data: [ 2.1688910179422182e+03, 0., 1.3910283984698965e+03, 0.,
       2.1646244599374832e+03, 8.6307547566350900e+02, 0., 0., 1. ]
imageSize_width: 2784
imageSize_height: 1856
sensorSize_width: 0
sensorSize_height: 0
distCoeffs: !!opencv-matrix
   rows: 5
   cols: 1
   dt: d
   data: [ -1.1590775865336485e-01, 1.3479119560440350e-01,
       -4.3555019706186440e-03, -2.8762247028634726e-04,
       -4.4805611174026157e-02 ]
reprojectionError: 0.
features:
   []
