%YAML:1.0
cameraMatrix: !!opencv-matrix
   rows: 3
   cols: 3
   dt: d
   data: [ 1.6373802117254402e+03, 0., 9.2729900337014976e+02, 0.,
       1.6387388069229025e+03, 5.1853485730506054e+02, 0., 0., 1. ]
imageSize_width: 1920
imageSize_height: 1080
sensorSize_width: 0
sensorSize_height: 0
distCoeffs: !!opencv-matrix
   rows: 5
   cols: 1
   dt: d
   data: [ -1.9163554354524470e-01, 2.8715671218668154e-01,
       -2.3213840012478262e-03, -2.9878795213139945e-04,
       -4.1342950874677098e-01 ]
reprojectionError: 1.4253471791744232e-01
features:
   - [ 7.88759277e+02, 6.86340942e+02, 8.27631165e+02, 6.91238831e+02,
       8.66164124e+02, 6.96110229e+02, 9.04276184e+02, 7.00842224e+02,
       9.42097595e+02, 7.05549683e+02, 9.79657043e+02, 7.10225220e+02,
       1.01678650e+03, 7.14773438e+02, 1.05370496e+03, 7.19250549e+02,
       1.09032898e+03, 7.23703613e+02, 1.12625476e+03, 7.28076965e+02,
       7.84482971e+02, 7.25212341e+02, 8.23451538e+02, 7.29965942e+02,
       8.62268127e+02, 7.34796570e+02, 9.00480469e+02, 7.39532776e+02,
       9.38517883e+02, 7.44044312e+02, 9.76422058e+02, 7.48531006e+02,
       1.01369135e+03, 7.52960815e+02, 1.05070630e+03, 7.57329285e+02,
       1.08751233e+03, 7.61487671e+02, 1.12369946e+03, 7.65649414e+02,
       7.80010071e+02, 7.64456177e+02, 8.19089417e+02, 7.69262756e+02,
       8.58157043e+02, 7.73730225e+02, 8.96612854e+02, 7.78385437e+02,
       9.34818848e+02, 7.82737976e+02, 9.72825562e+02, 7.87138184e+02,
       1.01042804e+03, 7.91365173e+02, 1.04770410e+03, 7.95519348e+02,
       1.08464990e+03, 7.99604187e+02, 1.12112793e+03, 8.03488464e+02,
       7.75607605e+02, 8.03971375e+02, 8.15106262e+02, 8.08514343e+02,
       8.54185669e+02, 8.13034058e+02, 8.92768616e+02, 8.17388855e+02,
       9.31414551e+02, 8.21686401e+02, 9.69536865e+02, 8.25769470e+02,
       1.00744324e+03, 8.29646423e+02, 1.04471997e+03, 8.34182129e+02,
       1.08177979e+03, 8.37916687e+02, 1.11838928e+03, 8.41643066e+02,
       7.71257019e+02, 8.43740479e+02, 8.10796509e+02, 8.48197021e+02,
       8.50148743e+02, 8.52522705e+02, 8.89098389e+02, 8.56696045e+02,
       9.27682251e+02, 8.60842529e+02, 9.66052429e+02, 8.65031494e+02,
       1.00395264e+03, 8.69068726e+02, 1.04122131e+03, 8.72555176e+02,
       1.07877393e+03, 8.76544495e+02, 1.11551880e+03, 8.80246338e+02,
       7.66632690e+02, 8.83941406e+02, 8.06473572e+02, 8.88174866e+02,
       8.45983032e+02, 8.92661499e+02, 8.84947205e+02, 8.96577759e+02,
       9.23789978e+02, 9.00547424e+02, 9.62526245e+02, 9.04486084e+02,
       1.00063599e+03, 9.08164734e+02, 1.03852734e+03, 9.11845276e+02,
       1.07601562e+03, 9.15333679e+02, 1.11281201e+03, 9.18867676e+02,
       7.62159424e+02, 9.24543274e+02, 8.02201660e+02, 9.28634949e+02,
       8.41941162e+02, 9.32732483e+02, 8.81160645e+02, 9.36698181e+02,
       9.20351379e+02, 9.40615295e+02, 9.59081604e+02, 9.44376221e+02,
       9.97301941e+02, 9.47929626e+02, 1.03537305e+03, 9.51516174e+02,
       1.07294531e+03, 9.54663269e+02, 1.11021204e+03, 9.58001038e+02 ]
   - [ 5.00405945e+02, 6.48304321e+02, 5.39950195e+02, 6.53980286e+02,
       5.79169128e+02, 6.59609192e+02, 6.17724731e+02, 6.65286194e+02,
       6.56063171e+02, 6.70713501e+02, 6.93968689e+02, 6.76044067e+02,
       7.31245300e+02, 6.81351746e+02, 7.68219421e+02, 6.86514465e+02,
       8.04548645e+02, 6.91465393e+02, 8.40341492e+02, 6.96454651e+02,
       4.94913757e+02, 6.87778076e+02, 5.34835815e+02, 6.93312378e+02,
       5.74334351e+02, 6.98692993e+02, 6.13127563e+02, 7.04158813e+02,
       6.51544189e+02, 7.09303650e+02, 6.89765137e+02, 7.14401733e+02,
       7.27189880e+02, 7.19486389e+02, 7.64377625e+02, 7.24347961e+02,
       8.00889832e+02, 7.29029053e+02, 8.36967834e+02, 7.33756226e+02,
       4.89468384e+02, 7.27505249e+02, 5.29678833e+02, 7.32995483e+02,
       5.69390015e+02, 7.38151184e+02, 6.08427673e+02, 7.43242493e+02,
       6.47089783e+02, 7.48095703e+02, 6.85558533e+02, 7.53012573e+02,
       7.23228943e+02, 7.57852722e+02, 7.60494202e+02, 7.62444214e+02,
       7.97427368e+02, 7.66940308e+02, 8.33554382e+02, 7.71382141e+02,
       4.84105225e+02, 7.67567322e+02, 5.24604248e+02, 7.72638794e+02,
       5.64422241e+02, 7.77652466e+02, 6.03784546e+02, 7.82485107e+02,
       6.42753723e+02, 7.87301880e+02, 6.81360352e+02, 7.91861816e+02,
       7.19419983e+02, 7.96164246e+02, 7.56785461e+02, 8.00827332e+02,
       7.93838074e+02, 8.04928467e+02, 8.30152405e+02, 8.09299500e+02,
       4.78786194e+02, 8.08140015e+02, 5.19438416e+02, 8.12977905e+02,
       5.59597534e+02, 8.17651001e+02, 5.99251465e+02, 8.22236084e+02,
       6.38414612e+02, 8.26751343e+02, 6.77190796e+02, 8.31159546e+02,
       7.15263184e+02, 8.35432678e+02, 7.52510315e+02, 8.39316467e+02,
       7.90214539e+02, 8.43402588e+02, 8.26725891e+02, 8.47376465e+02,
       4.73482422e+02, 8.49006104e+02, 5.14434814e+02, 8.53441650e+02,
       5.54891541e+02, 8.58219421e+02, 5.94520508e+02, 8.62347046e+02,
       6.34026917e+02, 8.66544983e+02, 6.72984558e+02, 8.70635620e+02,
       7.11336121e+02, 8.74526611e+02, 7.49294067e+02, 8.78410645e+02,
       7.86635132e+02, 8.82198364e+02, 8.23395569e+02, 8.85761536e+02,
       4.68276733e+02, 8.90193726e+02, 5.09343719e+02, 8.94557068e+02,
       5.49907715e+02, 8.98652710e+02, 5.89948059e+02, 9.02873291e+02,
       6.29622559e+02, 9.06705139e+02, 6.68840698e+02, 9.10538147e+02,
       7.07355896e+02, 9.14238892e+02, 7.45440308e+02, 9.17781799e+02,
       7.83052307e+02, 9.21309387e+02, 8.20033142e+02, 9.24554932e+02 ]
   - [ 1.05060449e+03, 7.21145630e+02, 1.08979968e+03, 7.23068298e+02,
       1.12878320e+03, 7.24629211e+02, 1.16758643e+03, 7.26547668e+02,
       1.20635107e+03, 7.28105530e+02, 1.24467249e+03, 7.29822205e+02,
       1.28272791e+03, 7.31277832e+02, 1.32075537e+03, 7.33028015e+02,
       1.35853857e+03, 7.34427795e+02, 1.39614563e+03, 7.35832214e+02,
       1.04954077e+03, 7.60387024e+02, 1.08879578e+03, 7.62298950e+02,
       1.12836084e+03, 7.63805786e+02, 1.16696448e+03, 7.65534790e+02,
       1.20575598e+03, 7.67110229e+02, 1.24464026e+03, 7.68828491e+02,
       1.28287354e+03, 7.70340820e+02, 1.32129248e+03, 7.71798828e+02,
       1.35909290e+03, 7.73406860e+02, 1.39666235e+03, 7.74555298e+02,
       1.04827075e+03, 8.00028442e+02, 1.08805237e+03, 8.01550598e+02,
       1.12743250e+03, 8.03341370e+02, 1.16644128e+03, 8.04743774e+02,
       1.20549829e+03, 8.06592163e+02, 1.24454126e+03, 8.08185974e+02,
       1.28282581e+03, 8.09427917e+02, 1.32150977e+03, 8.10899048e+02,
       1.35965515e+03, 8.12268677e+02, 1.39749194e+03, 8.13638489e+02,
       1.04711194e+03, 8.39564941e+02, 1.08695618e+03, 8.41347351e+02,
       1.12635535e+03, 8.42790466e+02, 1.16578564e+03, 8.44718445e+02,
       1.20515381e+03, 8.46199280e+02, 1.24426978e+03, 8.47585388e+02,
       1.28292236e+03, 8.48796814e+02, 1.32162854e+03, 8.50308228e+02,
       1.36000659e+03, 8.51630920e+02, 1.39796912e+03, 8.52726013e+02,
       1.04586279e+03, 8.79775269e+02, 1.08585608e+03, 8.81541992e+02,
       1.12557056e+03, 8.83145264e+02, 1.16523853e+03, 8.84683899e+02,
       1.20456702e+03, 8.86181274e+02, 1.24392371e+03, 8.87515930e+02,
       1.28273083e+03, 8.88723083e+02, 1.32130212e+03, 8.89783447e+02,
       1.36040979e+03, 8.91252930e+02, 1.39860864e+03, 8.92388916e+02,
       1.04451416e+03, 9.20289978e+02, 1.08478748e+03, 9.21812744e+02,
       1.12475269e+03, 9.23590332e+02, 1.16432776e+03, 9.25142761e+02,
       1.20404382e+03, 9.26523132e+02, 1.24361780e+03, 9.27741211e+02,
       1.28267639e+03, 9.29001343e+02, 1.32177234e+03, 9.30132874e+02,
       1.36060315e+03, 9.31222107e+02, 1.39889880e+03, 9.32281189e+02,
       1.04320459e+03, 9.61321228e+02, 1.08359717e+03, 9.62992126e+02,
       1.12370471e+03, 9.64506897e+02, 1.16346973e+03, 9.65828125e+02,
       1.20342566e+03, 9.67265503e+02, 1.24329407e+03, 9.68432190e+02,
       1.28259058e+03, 9.69683167e+02, 1.32166138e+03, 9.70648682e+02,
