%YAML:1.0
cameraMatrix: !!opencv-matrix
   rows: 3
   cols: 3
   dt: d
   data: [ 5.4148636962970477e+02, 0., 3.5406834772375259e+02, 0.,
       5.4211074773100916e+02, 2.2266099700986521e+02, 0., 0., 1. ]
imageSize_width: 696
imageSize_height: 464
sensorSize_width: 0
sensorSize_height: 0
distCoeffs: !!opencv-matrix
   rows: 5
   cols: 1
   dt: d
   data: [ -1.2194756083905126e-01, 1.5762598713744330e-01,
       -2.4436067779450310e-03, 1.3750780222208854e-03,
       -3.5966738762106584e-02 ]
reprojectionError: 1.2633232772350311e-01
features:
   - [ 2.33731567e+02, 1.54784180e+02, 2.57168121e+02, 1.55325180e+02,
       2.80632996e+02, 1.55773102e+02, 3.03967163e+02, 1.56330536e+02,
       3.27722382e+02, 1.56814728e+02, 3.51506805e+02, 1.57372284e+02,
       3.75278961e+02, 1.58066895e+02, 3.99104523e+02, 1.58599121e+02,
       4.22527985e+02, 1.59289703e+02, 4.46229767e+02, 1.60023987e+02,
       2.33239151e+02, 1.78131454e+02, 2.56486542e+02, 1.78667633e+02,
       2.80155731e+02, 1.79225739e+02, 3.03485992e+02, 1.79736435e+02,
       3.27251617e+02, 1.80332108e+02, 3.50890411e+02, 1.80816071e+02,
       3.74605164e+02, 1.81518677e+02, 3.98455200e+02, 1.82132950e+02,
       4.21843842e+02, 1.82732178e+02, 4.45586853e+02, 1.83462448e+02,
       2.32621033e+02, 2.01770508e+02, 2.56041351e+02, 2.02456131e+02,
       2.79510529e+02, 2.02914139e+02, 3.02809692e+02, 2.03558060e+02,
       3.26628021e+02, 2.04161224e+02, 3.50385040e+02, 2.04671158e+02,
       3.74138550e+02, 2.05396072e+02, 3.97861511e+02, 2.05916977e+02,
       4.21316864e+02, 2.06618637e+02, 4.44916351e+02, 2.07305420e+02,
       2.32266052e+02, 2.25407455e+02, 2.55468872e+02, 2.26037888e+02,
       2.79063934e+02, 2.26607132e+02, 3.02387543e+02, 2.27334915e+02,
       3.26066620e+02, 2.27785019e+02, 3.49711731e+02, 2.28492401e+02,
       3.73437073e+02, 2.29169342e+02, 3.97255646e+02, 2.29668198e+02,
       4.20626434e+02, 2.30405487e+02, 4.44408722e+02, 2.30933899e+02,
       2.31729630e+02, 2.48918747e+02, 2.55101486e+02, 2.49581116e+02,
       2.78509369e+02, 2.50329376e+02, 3.01771332e+02, 2.50942535e+02,
       3.25549347e+02, 2.51537750e+02, 3.49244476e+02, 2.52273911e+02,
       3.72802429e+02, 2.52812897e+02, 3.96576782e+02, 2.53467590e+02,
       4.19949799e+02, 2.54184830e+02, 4.43651184e+02, 2.54660034e+02,
       2.31448685e+02, 2.72334869e+02, 2.54611526e+02, 2.73146729e+02,
       2.78126892e+02, 2.73820190e+02, 3.01345001e+02, 2.74508789e+02,
       3.24859436e+02, 2.75231964e+02, 3.48573578e+02, 2.75847137e+02,
       3.72257172e+02, 2.76500214e+02, 3.96035187e+02, 2.77200500e+02,
       4.19341705e+02, 2.77726624e+02, 4.42952454e+02, 2.78373413e+02,
       2.31195145e+02, 2.95416992e+02, 2.54325638e+02, 2.96212646e+02,
       2.77643585e+02, 2.96929504e+02, 3.00759796e+02, 2.97681091e+02,
       3.24538971e+02, 2.98431976e+02, 3.47985992e+02, 2.99094910e+02,
       3.71581573e+02, 2.99745972e+02, 3.95315857e+02, 3.00439117e+02,
       4.18642273e+02, 3.00959595e+02, 4.42298004e+02, 3.01584686e+02 ]
   - [ 7.58148346e+01, 7.92435226e+01, 1.03548248e+02, 8.04714508e+01,
       1.30730942e+02, 8.15789948e+01, 1.57553741e+02, 8.26727524e+01,
       1.83730087e+02, 8.36831284e+01, 2.09739594e+02, 8.47008896e+01,
       2.35411774e+02, 8.57664795e+01, 2.60572418e+02, 8.68181686e+01,
       2.85528564e+02, 8.79305420e+01, 3.09761169e+02, 8.91462784e+01,
       7.66271057e+01, 1.05948135e+02, 1.04190506e+02, 1.06883820e+02,
       1.31275406e+02, 1.07780464e+02, 1.57801224e+02, 1.08625763e+02,
       1.83794205e+02, 1.09517365e+02, 2.09710724e+02, 1.10373611e+02,
       2.35277023e+02, 1.11218826e+02, 2.60405731e+02, 1.11998779e+02,
       2.85217499e+02, 1.12851013e+02, 3.09429321e+02, 1.13780556e+02,
       7.75403519e+01, 1.32481857e+02, 1.04678764e+02, 1.33264099e+02,
       1.31575562e+02, 1.33856049e+02, 1.58141800e+02, 1.34514313e+02,
       1.83929443e+02, 1.35202042e+02, 2.09684250e+02, 1.35695389e+02,
       2.35150223e+02, 1.36379639e+02, 2.60237518e+02, 1.37129822e+02,
       2.84863403e+02, 1.37705307e+02, 3.08910400e+02, 1.38454422e+02,
       7.84398193e+01, 1.58694183e+02, 1.05467026e+02, 1.59271729e+02,
       1.32185898e+02, 1.59653107e+02, 1.58427612e+02, 1.60201050e+02,
       1.84172943e+02, 1.60500061e+02, 2.09735413e+02, 1.61041855e+02,
       2.35009598e+02, 1.61429764e+02, 2.60034180e+02, 1.61924225e+02,
       2.84540466e+02, 1.62404633e+02, 3.08615753e+02, 1.62940857e+02,
       7.93424072e+01, 1.84454742e+02, 1.06186226e+02, 1.84709274e+02,
       1.32594421e+02, 1.84952850e+02, 1.58768661e+02, 1.85305298e+02,
       1.84403702e+02, 1.85567215e+02, 2.09796631e+02, 1.85775467e+02,
       2.34988953e+02, 1.86096832e+02, 2.59785645e+02, 1.86429092e+02,
       2.84319153e+02, 1.86655838e+02, 3.08262787e+02, 1.86915573e+02,
       8.02710953e+01, 2.10028976e+02, 1.06865936e+02, 2.10234299e+02,
       1.33293808e+02, 2.10352158e+02, 1.59259888e+02, 2.10456070e+02,
       1.84612732e+02, 2.10521667e+02, 2.10008179e+02, 2.10564316e+02,
       2.34966980e+02, 2.10666824e+02, 2.59649811e+02, 2.10749878e+02,
       2.84145630e+02, 2.10841339e+02, 3.07829071e+02, 2.11008408e+02,
       8.13148956e+01, 2.35339966e+02, 1.07691589e+02, 2.35343597e+02,
       1.33908539e+02, 2.35305740e+02, 1.59661469e+02, 2.35243713e+02,
       1.85013412e+02, 2.35141708e+02, 2.10263779e+02, 2.35111176e+02,
       2.35085114e+02, 2.35009018e+02, 2.59589996e+02, 2.34922470e+02,
       2.83887665e+02, 2.34797165e+02, 3.07573273e+02, 2.34711960e+02 ]
   - [ 3.76276642e+02, 2.78561493e+02, 3.98199646e+02, 2.78615082e+02,
       4.20249023e+02, 2.78660797e+02, 4.42822479e+02, 2.78643219e+02,
       4.65996796e+02, 2.78647125e+02, 4.89385468e+02, 2.78584351e+02,
       5.13169006e+02, 2.78589325e+02, 5.36965881e+02, 2.78539398e+02,
       5.61511108e+02, 2.78512360e+02, 5.86397522e+02, 2.78480011e+02,
       3.75797882e+02, 3.00553680e+02, 3.97922760e+02, 3.00753571e+02,
       4.20129578e+02, 3.00984802e+02, 4.42887848e+02, 3.01301636e+02,
       4.66251953e+02, 3.01483093e+02, 4.89669678e+02, 3.01625122e+02,
       5.13597534e+02, 3.01750000e+02, 5.37701172e+02, 3.01876770e+02,
       5.62398743e+02, 3.02075043e+02, 5.87463928e+02, 3.02312256e+02,
       3.75458466e+02, 3.23089630e+02, 3.97619965e+02, 3.23574524e+02,
       4.19916290e+02, 3.23978577e+02, 4.42874725e+02, 3.24448212e+02,
       4.66395569e+02, 3.24734650e+02, 4.90075928e+02, 3.25229858e+02,
       5.14177673e+02, 3.25594452e+02, 5.38380676e+02, 3.25876068e+02,
       5.63250610e+02, 3.26373230e+02, 5.88492798e+02, 3.26657867e+02,
       3.75195007e+02, 3.45685242e+02, 3.97395813e+02, 3.46473297e+02,
       4.19779266e+02, 3.47175751e+02, 4.42895233e+02, 3.47723877e+02,
       4.66463593e+02, 3.48359985e+02, 4.90342285e+02, 3.48897064e+02,
       5.14506042e+02, 3.49510651e+02, 5.38905884e+02, 3.50180939e+02,
       5.63930908e+02, 3.50649628e+02, 5.89540283e+02, 3.51356445e+02,
       3.74729126e+02, 3.68596008e+02, 3.97159546e+02, 3.69547852e+02,
       4.19678528e+02, 3.70474548e+02, 4.42826447e+02, 3.71322998e+02,
       4.66526978e+02, 3.72232147e+02, 4.90506134e+02, 3.73037109e+02,
       5.15041809e+02, 3.73806885e+02, 5.39583984e+02, 3.74611755e+02,
       5.64750061e+02, 3.75458221e+02, 5.90567139e+02, 3.76332031e+02,
       3.74407410e+02, 3.91711578e+02, 3.96840881e+02, 3.92899933e+02,
       4.19549561e+02, 3.94076630e+02, 4.42787384e+02, 3.95197418e+02,
       4.66560272e+02, 3.96208832e+02, 4.90753845e+02, 3.97283844e+02,
       5.15330933e+02, 3.98364746e+02, 5.40182251e+02, 3.99430359e+02,
       5.65583069e+02, 4.00462555e+02, 5.91627319e+02, 4.01682098e+02,
       3.74080750e+02, 4.14674377e+02, 3.96526123e+02, 4.16115082e+02,
       4.19410706e+02, 4.17509918e+02, 4.42712250e+02, 4.18781769e+02,
       4.66726105e+02, 4.20207672e+02, 4.91066742e+02, 4.21533142e+02,
       5.15761108e+02, 4.22809631e+02, 5.40708496e+02, 4.24236267e+02,
