%YAML:1.0
Mat: !!opencv-matrix
   rows: 3
   cols: 3
   dt: d
   data: [ 9.9935272978157919e-01, -9.7254610144782683e-04,
       -3.5960751273945123e-02, 7.4190320552753328e-04,
       9.9997907444307343e-01, -6.4265274921778293e-03,
       3.5966248869455590e-02, 6.3956883956809620e-03,
       9.9933253930421262e-01 ]
