%YAML:1.0
Mat: !!opencv-matrix
   rows: 3
   cols: 1
   dt: d
   data: [ 1.3093062523157980e-02, -2.9094822620330208e-03,
       4.7063162548665006e-03 ]
