%YAML:1.0
Mat: !!opencv-matrix
   rows: 3
   cols: 3
   dt: d
   data: [ 9.9935272993131730e-01, 7.4190601650096517e-04,
       3.5966244650869700e-02, -9.7254877306016574e-04,
       9.9997907446073309e-01, 6.3956852283149060e-03,
       -3.5960747040454447e-02, -6.4265244198046896e-03,
       9.9933253947631162e-01 ]
