%YAML:1.0
Mat: !!opencv-matrix
   rows: 3
   cols: 1
   dt: d
   data: [ -6.1727296007807064e+00, 5.2508221219458520e+01,
       1.1583544246581349e+01 ]
