%YAML:1.0
Mat: !!opencv-matrix
   rows: 3
   cols: 1
   dt: d
   data: [ -3.1110472583616583e-01, 6.9215303091014945e+01,
       -8.6744997188780051e+00 ]
