%YAML:1.0
Mat: !!opencv-matrix
   rows: 3
   cols: 1
   dt: d
   data: [ 5.7131647845648130e+00, -5.2587208397928073e+01,
       -1.1460343554099870e+01 ]
